6737
3038
4472
911
2483
1917
8705
550
4995
7305
844
1528
1050
1221
2610
6913
6721
3294
2985
4843
3724
1488
8750
3562
9436
6293
1865
2703
9764
9642
3301
9730
4793
7853
7237
3555
8688
5289
3374
7861
3150
2903
1827
5838
4420
2929
5314
7558
7633
9291
4434
5109
3063
8644
7583
2097
3604
5819
9527
9754
4849
9557
9833
7294
381
1220
1248
1805
3033
1654
7209
2890
3662
858
8723
1429
4171
6195
1344
7928
533
2480
6832
5236
4766
3474
5971
2642
4472
8
6366
2732
9039
4077
810
9283
536
9746
5011
6169
8305
1439
5118
1753
2494
2227
777
3634
1612
1967
4756
9112
5114
3802
1166
1948
1454
182
1515
6891
1506
4809
7783
6371
1531
9501
9425
7812
4057
5030
7709
1555
3375
7589
4789
5613
7883
3273
1853
8973
3059
1002
589
281
1531
7962
9683
3064
5708
4523
9515
6744
1835
2015
3073
3221
505
6913
9293
7571
9063
2207
6047
7199
326
1847
6748
7183
6901
9034
2461
7958
1621
6962
2577
7579
6643
4649
4512
3016
148
2283
2465
364
6673
5905
463
2899
2024
634
8060
7426
1769
3304
8671
9111
8770
3359
9440
8084
6422
6223
1531
1589
6070
6919
1342
1032
4908
6471
3121
9312
1105
7958
639
1855
5661
6273
9120
6351
5850
9977
7613
2349
779
7980
5814
2450
1913
7512
3751
1220
6308
6095
1929
8790
6927
5479
9129
5615
3915
1078
7815
3466
8178
1176
7528
5758
2024
5340
7291
7154
4274
4982
8254
6375
4783
6785
8952
4139
8919
8778
679
526
1433
4299
6898
658
906
1221
2536
3651
86
5553
8060
4284
7766
1916
3911
9211
1820
1785
5200
4359
3236
4554
8135
7540
8781
4776
7695
1587
4230
6734
2533
4381
252
4010
2488
9138
643
1326
3750
8483
3295
4697
648
7706
1686
1055
599
8845
2158
1578
7539
2286
127
1260
6220
6919
9375
4478
1527
1501
5249
5649
6603
1484
3972
8758
557
8777
2598
843
4188
3747
6927
872
4629
5699
1966
4536
7139
5602
472
3403
4161
7796
1265
4469
1659
3547
8655
3885
2171
5610
6745
4331
9765
6339
4467
492
8405
268
2459
747
3358
4692
8561
7348
4293
145
7803
6593
3259
5166
4169
9748
916
9753
7082
8029
2238
1790
4677
166
9326
8132
9301
5576
6659
9782
6787
9874
6495
1971
4838
9635
9318
1958
6381
2206
8439
2727
2769
4760
9406
9682
7713
5717
3204
773
3086
5387
5848
9090
4908
5815
4322
2184
6667
124
4343
8477
9543
2201
7349
7231
2762
1062
2676
770
7423
8345
9909
9935
7866
7919
968
6060
15
8499
3745
904
8700
8413
3337
7046
8734
9205
9771
4133
2338
8142
8221
9342
6690
6658
9602
7647
9802
8265
265
6670
3295
8433
6596
1327
8412
8671
3005
4679
1028
1826
6099
7058
2263
6460
4655
4841
5118
7092
7261
9639
3399
5528
97
9488
5931
1857
7090
2271
1842
7692
5196
3102
1109
2324
1729
3387
4235
3469
9476
7455
2555
1253
1273
8523
4081
8691
8533
70
8664
1900
8667
8477
8821
9260
3794
704
6328
2140
7177
3845
5394
8962
1269
1994
7533
2248
1255
94
1159
6787
1149
887
9911
4313
823
7825
1980
8589
303
9850
1572
4411
4197
734
3511
3632
7378
3394
8232
5559
4614
5052
9475
914
6824
4060
8861
7039
9757
9046
7559
2651
7742
3346
531
5995
977
5114
9614
6041
6784
201
9087
9606
1543
7276
2798
5101
2208
1048
5717
709
2960
4974
1972
8072
144
4485
8855
8869
7213
1879
1651
1575
7425
1083
8928
3422
6467
909
495
2469
4642
5487
3469
3836
8126
8939
8873
7541
3875
7930
3420
8189
233
5039
8065
6787
6764
5341
1813
9531
3774
1037
4741
6954
1527
7282
177
4801
8594
4474
2028
9102
3610
1220
9526
4273
4125
9578
1318
1234
1898
926
8174
3910
9296
3488
9009
5461
7916
6783
4481
714
4155
8046
5046
6578
7050
9668
671
5066
256
3883
5392
449
5709
1363
4911
8422
6048
9962
1071
6402
279
4776
9193
4131
7117
7528
2544
8653
2099
301
5028
663
3795
9462
8832
4759
4628
7838
1300
494
147
3278
1048
9591
6721
3902
2032
6688
475
98
2728
1391
3671
623
4811
2855
8513
2286
5062
9472
2633
2635
9506
4612
5466
770
690
2199
2329
2375
783
8069
3398
4088
7975
4970
6599
7170
4318
8248
3038
4302
9780
6162
3362
6741
2683
904
4341
6363
3704
6717
4613
5436
9006
8358
4432
3698
4210
4449
7491
637
3817
7039
5281
8467
683
5682
8110
2992
539
8320
4799
3836
2091
4986
7676
1496
161
1502
3571
6333
7692
3811
6168
2591
7728
1228
5983
4938
2774
1494
4597
6670
9676
3867
6379
2764
78
2155
4728
8342
2312
1775
5109
3334
8504
3070
8382
4887
8537
4403
2526
8361
6543
940
7047
1569
3552
499
6865
9464
7303
5436
5350
600
6813
1626
5655
1663
8564
8990
4331
8315
3638
8871
774
3822
9240
6015
7770
7573
1775
42
6955
8810
6783
4999
1861
9547
124
79
5372
2535
5612
4334
6375
1765
7927
9359
2315
6217
425
1207
7366
924
9519
830
2217
2590
2896
2053
1096
1416
4478
705
4748
1095
5252
5187
1371
9834
2115
6337
5487
1649
1085
4264
6262
2752
2522
6911
4418
1355
3915
8438
225
4113
3228
974
787
8937
1594
9586
5705
503
9261
4042
2699
8562
4222
1783
598
6368
7206
5767
9638
2224
1050
1166
8930
2613
3371
4889
932
1667
6808
6537
7574
2104
7126
2769
2912
2215
2792
1898
5441
3184
7200
7311
1460
9875
8342
735
3416
7869
6310
9144
8788
5861
4726
8084
7963
385
2908
5041
8959
3585
1059
4245
6397
2706
2817
4838
5761
4325
7967
6967
9678
374
227
9484
69
8558
891
2123
2604
9276
7661
5949
509
2972
9765
5543
8589
5802
5274
7295
829
6072
120
2922
6198
1745
5677
8318
2638
5505
7456
5829
9672
1724
1584
2817
9669
9844
1400
7325
8952
2833
3171
3890
4667
8126
7131
7686
6967
8034
7634
4487
9181
356
3740
8899
4189
518
8093
550
2660
1114
1273
8589
4322
3735
1002
5679
8219
2445
8857
7013
320
9393
7922
6626
2077
7866
9958
3612
8871
217
7587
8204
19
1170
5804
9680
694
2718
35
2979
9902
852
8213
4863
3519
6757
2286
7616
1026
4327
5602
9768
397
6413
7776
8633
296
77
5635
3520
5957
8426
3362
1455
4622
493
3546
1779
7857
857
3294
2010
1295
5693
5793
1769
9108
7412
3176
2089
7949
5082
7444
6823
8808
847
5125
5808
5195
4905
4546
4197
1655
9005
851
793
7861
1621
1270
9609
771
1684
6849
172
4999
289
4027
546
8823
9901
545
4119
7727
6615
1066
3007
147
4218
1512
6843
2482
875
6710
1126
9619
2912
1257
9369
1112
9149
652
176
7671
7276
9497
8289
3919
9080
3837
594
40
2706
7310
2913
3433
1663
1520
1237
5178
9489
2482
9435
1285
3020
4517
7196
5967
466
20
6775
7834
5435
3483
7296
7771
2033
5587
4119
1289
7774
3155
5700
3963
7338
1912
8975
1922
6400
9334
6426
788
8028
5712
286
1455
5472
679
4780
234
1280
282
4834
5269
8706
8025
8296
1395
9333
6785
1295
2598
4585
2609
553
275
2286
1669
3182
1489
9298
9097
6104
5809
7391
4064
8356
7704
3331
6033
7625
1513
5914
2129
2962
4548
9024
4198
6142
6656
1677
3148
4882
145
3930
5510
3475
1088
244
9826
1090
6817
5212
8108
1575
7583
913
6608
6198
4211
1015
6210
4142
8899
8956
5010
4432
4826
6552
3420
9476
6399
4825
6919
5436
5327
9173
9088
2267
1103
4383
3128
4341
5713
7897
5932
1144
9473
3605
5028
968
734
3637
4964
1377
2838
5547
1949
7982
8160
7658
3640
2154
6649
6430
9596
2440
1817
7328
5282
7049
7913
9113
8092
5651
839
5391
9210
9030
1686
5105
6733
457
7761
6309
7837
2876
4320
299
165
1275
4078
3602
6610
2714
3163
295
5271
3042
6903
1904
5337
2734
8532
2979
588
266
6802
9151
48
4432
6990
1482
2751
820
8951
7534
6882
5834
2085
604
6794
3052
7627
6807
4203
502
6270
2566
657
581
8273
6870
382
8902
9906
6991
77
5429
8125
922
324
254
665
7974
4425
815
41
1408
1684
7778
8212
6104
852
2627
9748
6786
6364
8170
5524
10
3302
4138
6786
8674
8792
4919
7004
6636
2383
6425
3943
384
9815
1096
2174
1698
8104
9524
3343
1983
1906
3529
1081
4129
1983
3948
5962
879
587
8808
492
5278
1409
7411
9761
9173
1291
2752
7816
9200
5041
9025
7040
8561
535
6977
112
1156
6214
730
7826
1386
4731
1814
5977
9208
4537
2766
7094
3591
1400
3962
935
4556
6791
8097
494
1532
8670
342
9158
2531
4132
9788
7906
8966
5095
6046
5948
9384
1635
4376
4110
2898
7376
2820
4102
5845
3498
5693
4879
1231
8593
9118
7142
1471
3485
3522
8280
5127
247
2588
2910
2161
5613
6307
5760
656
411
8179
1745
1210
6529
5072
4706
9486
7581
4613
4604
2148
6387
4154
7294
9853
2676
5076
6248
7956
4970
7565
717
7543
7246
4044
9623
2268
4249
9157
2772
9127
3631
6266
604
1228
2654
1373
4648
2022
7828
5335
4107
1199
9789
6580
2431
8924
5772
9434
7687
2582
2845
3951
1734
7833
1072
274
8066
765
9402
2903
9190
3233
9423
1154
2887
3194
5044
9139
1205
557
7204
5424
6724
1732
2749
68
2173
8172
2691
122
3557
661
9680
5582
6330
7476
8769
7713
9949
180
155
6282
2070
7527
108
7563
2506
4906
2576
3912
7482
4574
9061
9558
6403
2188
7438
4021
7028
8474
1475
2909
425
6976
5220
6691
2931
4143
6741
4280
1718
1447
3404
7496
796
136
850
6115
7957
6059
3793
3957
892
7920
1634
4563
5873
1128
1982
2353
7012
7446
2461
7635
8384
5699
2002
3834
8094
7488
2263
7668
1829
9665
2332
1924
1712
64
5176
280
6299
3431
6240
6626
9424
5877
5468
5611
4071
8335
9915
8713
9020
1243
2791
2601
9043
8360
795
6174
825
2863
2096
4371
5629
2612
8170
6854
4209
2499
3063
784
2681
7289
6243
4473
1677
276
8447
6822
4458
6706
5348
2237
9000
2901
852
3655
725
1283
7464
3709
9213
6964
1936
1178
41
973
7172
6063
6652
7374
8230
4559
9422
4098
8849
4076
1081
8493
2033
6031
8333
1735
292
5056
3477
6965
578
9652
5309
9315
7016
6935
2458
7535
2470
9827
1206
3942
7961
719
848
3758
8188
8667
3058
4549
5194
1998
3438
767
3495
5416
8128
1887
1024
3762
3927
3129
4637
7453
8646
2717
3148
3193
2563
5525
7639
2229
3918
3579
7468
309
2168
9604
5941
598
7233
9073
5662
9583
691
3789
7425
8696
714
1677
8825
33
7507
8451
1195
6736
5069
1169
8981
810
3234
5706
725
2153
551
34
4273
9789
6240
3514
2508
7010
4664
1337
1787
2057
9150
131
2691
7871
8935
319
4360
6325
3684
3140
9913
1091
7819
8069
6060
5024
420
9146
5010
2697
3016
8565
4390
5702
7290
8829
2271
1455
4438
4560
3106
8885
2740
8237
882
9811
1735
593
9310
4976
52
5485
4049
6162
2925
1076
221
1442
1431
9718
4717
9499
9930
5697
9564
7447
6388
7286
7742
9516
602
2126
135
9094
1779
5122
7753
3853
8937
6476
2873
115
2855
8489
2338
2132
9196
3963
7283
1174
2070
9680
3853
9661
1129
9988
6940
9197
5645
5100
2233
5357
9601
9395
2319
1331
805
919
2907
6789
1121
2237
6803
2794
5738
7289
9308
7628
2701
9475
2449
3400
3389
4812
8001
9260
4004
8655
5581
6499
5254
3951
2243
5858
6201
1111
9015
3450
7286
1088
7251
1750
9209
7785
8801
6629
2137
230
657
6265
9234
4001
6486
9691
7893
7211
4483
408
6570
8412
5839
6774
5026
6484
5537
2169
949
0
